1111101010000000
0111011010100010
1111001010000000
0111011010100010
0101000000100110
1001000000000000
0111011010000010
1101101010000000
1001100000000000
0000000000000000
0000000000000000
0000000000000000
0000000000000000
0000000000000000
0000000000000000
0000000000000000
1111101010000000
0111011010100010
1111001010000000
0111011010100010
0101000000100110
1001000000000000
0111011010000010
1101101010000000
1001100000000000
0000000000000000
0000000000000000
0000000000000000
0000000000000000
0000000000000000
0000000000000000
0000000000000000
1111101010000000
0111011010100010
1111001010000000
0111011010100010
0101000000100110
1001000000000000
0111011010000010
1101101010000000
1001100000000000
0000000000000000
0000000000000000
0000000000000000
0000000000000000
0000000000000000
0000000000000000
0000000000000000
1111101010000000
0111011010100010
1111001010000000
0111011010100010
0101000000100110
1001000000000000
0111011010000010
1101101010000000
1001100000000000
0000000000000000
0000000000000000
0000000000000000
0000000000000000
0000000000000000
0000000000000000
0000000000000000
1111101010000000
0111011010100010
1111001010000000
0111011010100010
0101000000100110
1001000000000000
0111011010000010
1101101010000000
1001100000000000
0000000000000000
0000000000000000
0000000000000000
0000000000000000
0000000000000000
0000000000000000
0000000000000000
0000000000000000
0000000000000000
0000000000000000
0000000000000000
0000000000000000
0000000000000000
0000000000000000
0000000000000000
0000000000000000
0000000000000000
0000000000000000
0000000000000000
0000000000000000
0000000000000000
0000000000000000
0000000000000000
0000000000000000
0000000000000000
0000000000000000
0000000000000000
0000000000000000
0000000000000000
0000000000000000
0000000000000000
0000000000000000
0000000000000000
0000000000000000
0000000000000000
0000000000000000
0000000000000000
0000000000000000
0000000000000000
0000000000000000
0000000000000000
0000000000000000
0000000000000000
0000000000000000
0000000000000000
0000000000000000
0000000000000000
0000000000000000
0000000000000000
0000000000000000
0000000000000000
0000000000000000
0000000000000000
0000000000000000
0000000000000000
